Generation 0: 10 10 35 4 369 670 1015 360 1490 790
Generation 0: 10 10 45 2 619 493 1483 102 1490 790
Generation 3: 10 10 24 7 1432 29 1238 776 1490 790
Generation 14: 10 10 9 18 992 436 551 617 1490 790
Generation 0: 10 10 17 11 683 218 384 551 1490 790
Generation 40: 10 10 13 7 20 348 668 7 1490 790
Generation 0: 10 10 40 47 1034 398 69 748 1490 790
Generation 1: 10 10 51 1 1163 346 308 654 1490 790
Generation 3: 10 10 2 10 301 287 761 126 1490 790
Generation 10: 10 10 11 13 173 439 1195 588 1490 790
Generation 0: 10 10 14 38 1264 642 703 294 1490 790
Generation 2: 10 10 0 16 940 639 434 322 1490 790
Generation 25: 10 10 6 5 441 734 379 352 1490 790
Generation 27: 10 10 16 8 1325 622 1224 465 1490 790
Generation 43: 10 10 7 8 248 96 1115 693 1490 790
